19 0.4969632703125 0.39449446875 0.49474261875 0.4368670234375 0.49658716406250003 0.4404925984375 0.49849339375 0.4429411609375 0.4991292734375 0.44355175625000004 0.517860275 0.4448615546875 0.51878939375 0.44388646249999997 0.52144103125 0.439771871875 0.5225456265624999 0.4239754265625 0.5240862875000001 0.3945778546875 0.4977014890625 0.3933489625 0.4969632703125 0.39449446875
19 0.5720375703125 0.5982505312499999 0.5742513921875 0.5917223921875 0.575646521875 0.5717711109375 0.5747906984375 0.5672559671874999 0.5717581843749999 0.56036096875 0.5542703999999999 0.559138103125 0.5537607171875 0.5599620453124999 0.5511675968749999 0.597045403125 0.552063065625 0.599081428125 0.55365683125 0.6014205234375 0.55464314375 0.6024988953125 0.56826904375 0.6034517109374999 0.5693958375 0.6025211015624999 0.5720375703125 0.5982505312499999
19 0.603061928125 0.61200246875 0.6025369234375 0.610986703125 0.6004257421875 0.6078830515625 0.5982922328125 0.6066982249999999 0.5940028875000001 0.6062473953125 0.5923832203125 0.6070377484375 0.5901938921875 0.610649984375 0.5896353953125 0.61251245625 0.5894679390625 0.626903646875 0.5899817796875 0.628878828125 0.592081796875 0.6329418921875 0.5924738125 0.6333379515625001 0.602263009375 0.6340224796875 0.6033636546875 0.632206490625 0.6035651765625001 0.6317025109375 0.6045995265624999 0.6169106109375 0.604100771875 0.614993415625 0.6030507640625 0.6129618812500001 0.603061928125 0.61200246875
19 0.48131450156250005 0.7408486859375001 0.485092021875 0.7027787140624999 0.4821520890625 0.69608534375 0.4814627953125 0.6949604984375 0.461930803125 0.69405078125 0.459813259375 0.697230375 0.4582936359375 0.70043781875 0.45767644843750005 0.7020665937499999 0.4551650890625 0.7379807140625 0.455604021875 0.7396512015625001 0.4580539671875 0.745229009375 0.4605494640625 0.7478518249999999 0.47557192343750004 0.748902296875 0.47637357187499996 0.748267740625 0.48131450156250005 0.7408486859375001
19 0.4047299625 0.6856122375 0.40404930468750005 0.6843237046875 0.38560997656249996 0.6827104703125 0.3853887125 0.6830597046875 0.38464298124999996 0.6937241703125 0.383958728125 0.7231224796875 0.3842756609375 0.7237224546875 0.4028167359375 0.7250189734375 0.4055529265625 0.6858896375 0.40543916874999997 0.685674284375 0.4047299625 0.6856122375
19 0.44482451406249995 0.8335926812500001 0.4453670640625 0.8258338500000001 0.44496732968749997 0.8224607265625 0.44345809531249997 0.8167749750000001 0.43144522968750004 0.8158646953125 0.4296625640625 0.8413579984374999 0.4311929421875 0.842910575 0.44016150468750004 0.84353771875 0.441043175 0.84222036875 0.4416754296875 0.8422682781249999 0.44238519375 0.841207784375 0.4431724640625 0.8390388859375 0.4439597359375 0.836869984375 0.44482451406249995 0.8335926812500001
19 0.3980576234375 0.83688008125 0.38719402187499996 0.8364374234374999 0.38455979687499997 0.8741086078125001 0.40307077343750003 0.875403021875 0.40334990312499996 0.8747910265625001 0.404205490625 0.872393934375 0.40552673749999996 0.8517761546875 0.40389262031250006 0.8444137046875 0.4020253421875 0.8406896859374999 0.3980576234375 0.83688008125
19 0.424523296875 0.5648163140625 0.42420461249999997 0.5626520375 0.4238859265625 0.5604877593750001 0.4225343828125 0.557215928125 0.4210510078125 0.5550177625 0.419567634375 0.5528195953124999 0.41795243125 0.551695096875 0.41212898750000004 0.5515256515625 0.41025012343749995 0.552548484375 0.40895360625 0.5535882609375 0.4067441578125 0.5568574515625 0.40450578750000005 0.5888676375 0.418304675 0.58983255 0.42000784218750004 0.587312475 0.4215680203125 0.5841253640625 0.42241402343749995 0.5819949765625 0.4235236875 0.5777172546875 0.42457832343749996 0.569127925 0.424523296875 0.5648163140625
7 0.506437775 0.6419725578125 0.5083041078125 0.6400753578125 0.5102742015625 0.6371909296875 0.51183063125 0.622382475 0.5100339359375 0.6183305406249999 0.508478890625 0.61726605 0.5074767828125 0.6162273109374999 0.502500359375 0.6159955296875 0.5007377890625 0.6169055015625 0.49897522031249997 0.617815471875 0.49600301562500004 0.619661165625 0.4930308109375 0.6215068578125 0.49182117812500004 0.62244258125 0.4892981484375 0.625301259375 0.488088515625 0.62623698125 0.485876771875 0.6261339671874999 0.479828603125 0.6308125859375 0.477409334375 0.632684034375 0.47656496875 0.6335423640625 0.47510901250000004 0.6543635078125 0.47535039687499997 0.6549078781250001 0.48740643125 0.65575091875 0.49257886875 0.6522397640625 0.49928373437499995 0.64659966875 0.50457144375 0.6438697578125 0.506437775 0.6419725578125
7 0.5872350234375 0.762255415625 0.5895775046875 0.7614560765625 0.5908010390625 0.7605588437499999 0.592688640625 0.7587154296875 0.5972324953125 0.7530872937499999 0.5977919671875 0.7531362406250001 0.5991200953125 0.7512438796875001 0.6007935703125 0.7353218296875 0.599988403125 0.73223855 0.59907864375 0.7301503984375 0.5976094125 0.7280133015625 0.589217334375 0.7272790890625 0.5867702625 0.7290735546875 0.5812120546874999 0.73360866875 0.5793244546875 0.7354520828125 0.5766681984375001 0.73923680625 0.5704459265625 0.7447180984374999 0.564678534375 0.75124346875 0.5641190625 0.751194521875 0.56385706875 0.75156781875 0.5622788234375 0.7741377843749999 0.563287265625 0.7752244390625 0.57167934375 0.7759586515625 0.5741264171875 0.7741641828125 0.57922974375 0.7685849953125 0.5860114875 0.7631526484375 0.5872350234375 0.762255415625
