19 0.4879062875 0.556078425 0.48716243593749997 0.5568242156250001 0.48405185624999997 0.6053641765625 0.5089795234375 0.6073990046875 0.5112881953125 0.6039581640625 0.5134476078125 0.5702610015625 0.5129094140625 0.5677975375 0.5117559109375 0.56407408125 0.50867934375 0.5577741140625 0.5079087484375 0.5567416749999999 0.48838863281249995 0.55571866875 0.4879062875 0.556078425
19 0.5699376625 0.4050926875 0.5690011546875 0.405778603125 0.5672082374999999 0.40753583750000005 0.5653141875000001 0.41025528125 0.56395035625 0.4130304515625 0.563217875 0.41489914375000003 0.5624853921875 0.41676783281249996 0.5620235796874999 0.42116169687499994 0.5611824328125 0.43721173750000003 0.5613209171875 0.438047896875 0.564324515625 0.445173459375 0.56624311875 0.4473207890625 0.5747265968749999 0.448212440625 0.5770497328124999 0.446510934375 0.5827318796875 0.43835260312499996 0.5848794374999999 0.43287380468750003 0.5857731109375 0.41582150625000003 0.5850333671875 0.4113550109375 0.583317025 0.4072832625 0.5819209046875 0.40572070312499997 0.5699376625 0.4050926875
19 0.6162118453125001 0.4049492984375 0.61621184375 0.4037399125 0.6175703312499999 0.4013606671875 0.6175703312499999 0.381405784375 0.6168910875 0.3795719390625 0.6167874421875 0.3793843828125 0.60336600625 0.3786809953125 0.6019477125 0.40574364375 0.6155325984375 0.40613892187499995 0.6162118453125001 0.4049492984375
19 0.5028752375 0.2498879375 0.4884805109375 0.2498879375 0.48477472656250004 0.2531220890625 0.4821354109375 0.3034832203125 0.502030734375 0.304525890625 0.5034811 0.304525890625 0.507391965625 0.2978355296875 0.5087215406250001 0.29449034687500003 0.510103021875 0.288915046875 0.5105442296875 0.2699590234375 0.5099962312499999 0.266613840625 0.509448234375 0.2632686609375 0.5088742828124999 0.2610385421875 0.50830033125 0.2588084203125 0.5041010015625 0.251002996875 0.5028752375 0.2498879375
19 0.42966873124999994 0.2895305765625 0.4303421125 0.2766817046875 0.43004605625 0.2746817453125 0.4295644625 0.272692584375 0.42908286718750005 0.270703425 0.4264729296875 0.2657141640625 0.42552245624999996 0.2645294421875 0.4143284484375 0.2639427890625 0.413578584375 0.2645723484375 0.41181065781250004 0.2665353328125 0.4104138953125 0.2688172578125 0.4088174015625 0.2992801796875 0.4108785078125 0.3032202734375 0.4124848640625 0.3052225234375 0.4209205625 0.3053206796875 0.422085715625 0.30434245937500004 0.42325086875 0.303364240625 0.4250591859375 0.3004099484375 0.42562156562500003 0.30041649062500003 0.4268271125 0.2984469625 0.42807304999999995 0.295486125 0.4287162140625 0.293510053125 0.42935937968750004 0.2915339828125 0.42966873124999994 0.2895305765625
19 0.484068703125 0.174639821875 0.48541325 0.171276225 0.4863106421875 0.154152946875 0.4858357953125 0.15206762499999998 0.4857531875 0.15190232343750001 0.47370201874999995 0.1512707484375 0.47296620625 0.1524233765625 0.47158576406249997 0.1564719046875 0.470831953125 0.1708554578125 0.4713068015625 0.1729407796875 0.47289287187499995 0.17611455781250002 0.4740040953125 0.17720301249999998 0.4751153203125 0.1782914703125 0.48035812499999997 0.1785662328125 0.48157703749999997 0.17759989375000002 0.482849790625 0.175606159375 0.48343232656249996 0.17563668906250002 0.484068703125 0.174639821875
19 0.4465062546875 0.11542330468749999 0.434261340625 0.11478157656250002 0.43254921875 0.1165661203125 0.4307654515625 0.1193279515625 0.4292153953125 0.1489047859375 0.4303238484375 0.1512925671875 0.431383259375 0.152412346875 0.440944596875 0.15324885625 0.44451554375 0.1504799953125 0.44639919375000003 0.147563515625 0.4491725390625 0.1395894125 0.44989251250000006 0.1283543875 0.4495918890625 0.124219715625 0.449160359375 0.122127778125 0.44823185312499997 0.1189652671875 0.44674091562499996 0.11575355000000001 0.4465062546875 0.11542330468749999
19 0.41400778125000004 0.439083359375 0.43079047187499997 0.43947398125000003 0.43242699375000004 0.43692382656250006 0.43338094062500004 0.4343577859375 0.434334890625 0.43179174218750005 0.4351235328125 0.4242883 0.435974590625 0.40804916875 0.43513656562499997 0.4046338328125 0.4336491109375 0.4010793953125 0.42120421406249997 0.4004271859375 0.41779666718749997 0.400347875 0.41428861250000004 0.43372476718749997 0.41400778125000004 0.439083359375
7 0.52660564375 0.385929390625 0.5297704828125 0.349755125 0.52772164375 0.348314453125 0.5247229890625 0.3448312484375 0.49481531875 0.34326385312499996 0.49345383906249995 0.358825628125 0.49394142656250006 0.36153883124999997 0.49587304843749996 0.3643192890625 0.49852669218749995 0.36713338125 0.505160796875 0.374168603125 0.5080488703125 0.37430311875 0.5093756921875 0.3757101640625 0.51191211875 0.379864040625 0.5132389374999999 0.381271084375 0.5166146015625 0.3841188015625 0.5183024296875 0.3855426625 0.52660564375 0.385929390625
7 0.618953221875 0.2487211640625 0.61780935625 0.2475131984375 0.6115769359375001 0.24027642968750001 0.6086835296875 0.23547393906249997 0.5975399140625 0.2352794265625 0.5946372375 0.2645326828125 0.596254971875 0.2673329125 0.601856621875 0.2745586703125 0.6039090015624999 0.27934648281249996 0.6055659609374999 0.2817513984375 0.6083620765625 0.2850641703125 0.6169457609375 0.2855140234375 0.6260283656250001 0.28567256093750004 0.6276429343750001 0.282136753125 0.6285090578125 0.27977587812500004 0.6290004265625 0.27766458437499997 0.62970415 0.2642367484375 0.62952575 0.26316166875 0.6284995624999999 0.2607677609375 0.6278687921875 0.2607567515625 0.624159453125 0.253564025 0.6225024921875 0.25115910937499997 0.621358628125 0.24995114375 0.618953221875 0.2487211640625
