24 0.2568359375 0.6984815625 0.2587890625 0.6941431671875 0.2607421875 0.6941431671875 0.2666015625 0.6811279828125001 0.2685546875 0.6811279828125001 0.271484375 0.674620390625 0.271484375 0.6702819953125 0.275390625 0.66160520625 0.275390625 0.6572668109375 0.27734375 0.6529284171875 0.27734375 0.5965292843750001 0.275390625 0.5921908890625 0.275390625 0.5835141 0.2734375 0.5791757046875 0.2734375 0.5748373109375 0.271484375 0.570498915625 0.271484375 0.5661605203125 0.2626953125 0.5466377437500001 0.2607421875 0.5466377437500001 0.2587890625 0.54229935 0.2568359375 0.54229935 0.2509765625 0.533622559375 0.2470703125 0.533622559375 0.2451171875 0.529284165625 0.2333984375 0.529284165625 0.2314453125 0.533622559375 0.2255859375 0.533622559375 0.2236328125 0.5379609546874999 0.2216796875 0.5379609546874999 0.2197265625 0.54229935 0.2177734375 0.54229935 0.2158203125 0.5466377437500001 0.2138671875 0.5466377437500001 0.205078125 0.5661605203125 0.205078125 0.570498915625 0.203125 0.5748373109375 0.203125 0.5791757046875 0.19921875 0.5921908890625 0.19921875 0.6355748375 0.201171875 0.6399132328125 0.201171875 0.648590021875 0.203125 0.6529284171875 0.203125 0.66160520625 0.20703125 0.6702819953125 0.20703125 0.674620390625 0.2158203125 0.6941431671875 0.2177734375 0.6941431671875 0.2236328125 0.70281995625 0.2275390625 0.70281995625 0.2294921875 0.7071583515625 0.2470703125 0.7071583515625 0.248046875 0.7049891546875 0.2490234375 0.70281995625 0.2529296875 0.70281995625 0.2548828125 0.6984815625 0.2568359375 0.6984815625
19 0.673828125 0.3449023859375 0.671875 0.340563990625 0.671875 0.336225596875 0.6689453125 0.3297180046875 0.6669921875 0.3297180046875 0.6650390625 0.325379609375 0.6552734375 0.325379609375 0.6533203125 0.3297180046875 0.6513671875 0.3297180046875 0.650390625 0.33188720156249996 0.650390625 0.336225596875 0.6484375 0.340563990625 0.6484375 0.34924078125 0.646484375 0.353579175 0.6484375 0.35791757031250004 0.6484375 0.362255965625 0.650390625 0.36659435937499996 0.650390625 0.3709327546875 0.6513671875 0.3731019515625 0.6533203125 0.3731019515625 0.6552734375 0.377440346875 0.6611328125 0.377440346875 0.6630859375 0.38177874218749996 0.6640625 0.37960954375 0.6650390625 0.377440346875 0.6669921875 0.377440346875 0.673828125 0.362255965625 0.673828125 0.3449023859375
19 0.6970071796874999 0.504762065625 0.701171875 0.49240780937500006 0.7001953125 0.4859002171875 0.69921875 0.4880694140625 0.69921875 0.49240780937500006 0.6970071796874999 0.504762065625
19 0.7080078125 0.4902386109375 0.7060546875 0.4902386109375 0.705078125 0.49240780937500006 0.70591720625 0.494271625 0.708984375 0.49240780937500006 0.7080078125 0.4902386109375
19 0.6904296875 0.4989154015625 0.6923828125 0.4989154015625 0.693359375 0.496746203125 0.6904296875 0.4902386109375 0.689453125 0.49240780937500006 0.689453125 0.496746203125 0.6904296875 0.4989154015625
19 0.7109375 0.5097613890625 0.712890625 0.50542299375 0.712890625 0.4880694140625 0.7109375 0.48373101875 0.7109375 0.479392625 0.7080078125 0.47288503281249994 0.7060546875 0.47288503281249994 0.7041015625 0.4685466375 0.7001953125 0.4685466375 0.6982421875 0.4642082421875 0.6962890625 0.4642082421875 0.6943359375 0.4685466375 0.6923828125 0.4685466375 0.6904296875 0.47288503281249994 0.6884765625 0.47288503281249994 0.685546875 0.479392625 0.685546875 0.4880694140625 0.68359375 0.49240780937500006 0.68359375 0.496746203125 0.685546875 0.5010845984375 0.685546875 0.5097613890625 0.6875 0.5140997828125 0.6875 0.518438178125 0.6884765625 0.520607375 0.6904296875 0.520607375 0.6962890625 0.529284165625 0.7021484375 0.529284165625 0.703125 0.5271149671875001 0.7041015625 0.5249457703125 0.7060546875 0.5249457703125 0.7109375 0.5140997828125 0.7109375 0.5097613890625
19 0.658203125 0.6529284171875 0.65625 0.648590021875 0.65625 0.6442516265625 0.6513671875 0.633405640625 0.6494140625 0.633405640625 0.6474609375 0.6290672453124999 0.6416015625 0.6290672453124999 0.6396484375 0.62472885 0.6376953125 0.6290672453124999 0.6318359375 0.6290672453124999 0.623046875 0.648590021875 0.623046875 0.6789587859374999 0.626953125 0.687635575 0.626953125 0.6919739703125 0.6279296875 0.6941431671875 0.6298828125 0.6941431671875 0.6337890625 0.70281995625 0.6474609375 0.70281995625 0.6484375 0.700650759375 0.6494140625 0.6984815625 0.6513671875 0.6984815625 0.658203125 0.6832971796875 0.658203125 0.6529284171875
19 0.712890625 0.6919739703125 0.716796875 0.6832971796875 0.716796875 0.66160520625 0.7080078125 0.6420824296875 0.6943359375 0.6420824296875 0.689453125 0.6529284171875 0.689453125 0.6572668109375 0.6875 0.66160520625 0.6875 0.6789587859374999 0.689453125 0.6832971796875 0.689453125 0.687635575 0.6943359375 0.6984815625 0.6962890625 0.6984815625 0.6982421875 0.70281995625 0.7080078125 0.70281995625 0.708984375 0.700650759375 0.7099609375 0.6984815625 0.7119140625 0.6984815625 0.712890625 0.6963123640625 0.712890625 0.6919739703125
19 0.697265625 0.7830802609374999 0.697265625 0.7744034703125 0.6943359375 0.767895878125 0.6923828125 0.767895878125 0.6904296875 0.7635574843749999 0.6865234375 0.7635574843749999 0.6845703125 0.767895878125 0.6826171875 0.767895878125 0.6796875 0.7744034703125 0.6796875 0.7960954453125 0.6826171875 0.8026030375 0.6845703125 0.8026030375 0.6865234375 0.80694143125 0.6923828125 0.80694143125 0.693359375 0.8047722343749999 0.697265625 0.7960954453125 0.697265625 0.79175705 0.69921875 0.7874186546875 0.697265625 0.7830802609374999
19 0.728515625 0.8394793921874999 0.7265625 0.8351409984375 0.7265625 0.830802603125 0.7216796875 0.819956615625 0.7138671875 0.819956615625 0.708984375 0.830802603125 0.708984375 0.8481561828125 0.7109375 0.8524945765625 0.7109375 0.8568329718750001 0.7119140625 0.85900216875 0.7138671875 0.85900216875 0.7158203125 0.8633405640625 0.7216796875 0.8633405640625 0.72265625 0.8611713671875 0.7265625 0.8524945765625 0.7265625 0.8481561828125 0.728515625 0.8438177874999999 0.728515625 0.8394793921874999
19 0.71875 0.55748373125 0.716796875 0.5531453359375 0.716796875 0.5488069421875 0.7099609375 0.533622559375 0.6982421875 0.533622559375 0.693359375 0.544468546875 0.693359375 0.5488069421875 0.69140625 0.5531453359375 0.69140625 0.570498915625 0.6982421875 0.585683296875 0.7001953125 0.585683296875 0.7021484375 0.5900216921875 0.7099609375 0.5900216921875 0.7109375 0.5878524953125 0.71484375 0.5835141 0.71484375 0.5791757046875 0.71875 0.5661605203125 0.71875 0.55748373125
19 0.650390625 0.7960954453125 0.6513671875 0.7982646421874999 0.6533203125 0.7982646421874999 0.654296875 0.7960954453125 0.654296875 0.7874186546875 0.6533203125 0.7852494578125 0.650390625 0.7874186546875 0.650390625 0.7960954453125
7 0.66015625 0.7440347078125 0.6552734375 0.7331887203125 0.6494140625 0.7331887203125 0.64453125 0.7440347078125 0.64453125 0.76572668125 0.642578125 0.7700650765625 0.64453125 0.7744034703125 0.642578125 0.778741865625 0.642578125 0.8004338390625 0.640625 0.8047722343749999 0.640625 0.8221258140625001 0.642578125 0.8264642078125 0.642578125 0.830802603125 0.6435546875 0.8329717999999999 0.6455078125 0.8329717999999999 0.6474609375 0.8373101953125 0.6533203125 0.8373101953125 0.654296875 0.8351409984375 0.658203125 0.8264642078125 0.658203125 0.8004338390625 0.66015625 0.7960954453125 0.66015625 0.7440347078125
7 0.6640625 0.388286334375 0.6591796875 0.377440346875 0.6416015625 0.377440346875 0.6396484375 0.38177874218749996 0.6220703125 0.38177874218749996 0.6171875 0.39262472812500004 0.6171875 0.40563991250000003 0.6220703125 0.41648589999999996 0.6513671875 0.41648589999999996 0.65234375 0.414316703125 0.6533203125 0.4121475046875 0.6611328125 0.4121475046875 0.6640625 0.40563991250000003 0.6640625 0.388286334375
